0035 281 601
0062 314 634
0093 297 617
0023 301 621
0042 275 595
0046 225 545
0044 289 609
0061 219 539
0030 292 612
0084 302 622
0080 311 631
0054 322 642
0065 390 710
0091 277 597
0088 299 619
0020 297 617
0028 291 611
0017 255 575
0059 159 479
0036 209 529
0081 235 555
0015 277 597
0076 281 601
0039 299 619
0002 241 561
0016 282 602
0069 189 509
0031 301 621
0019 671 991
0048 271 591
0053 253 573
0038 327 647
0089 271 591
0082 277 597
0033 278 598
0070 332 652
0097 334 654
0014 348 668
0077 299 619
0047 301 621
0003 293 613
0073 275 595
0086 328 648
0100 281 601
0067 292 612
0025 282 602
0018 304 624
0050 270 590
0011 301 621
0085 234 554
0079 235 555
0008 354 674
0005 316 636
0007 371 691
0052 269 589
0040 318 638
0055 280 600
0049 302 622
0032 245 565
0026 289 609
0037 302 622
0021 405 725
0094 310 630
0075 247 567
0068 315 635
0057 373 693
0027 321 641
0012 221 541
0064 296 616
0095 317 637
0034 314 634
0041 294 614
0087 104 424
0022 317 637
0060 231 551
0056 317 637
0013 534 854
0009 308 628
0004 286 606
0092 225 545
0045 317 637
0006 312 632
0058 299 619
0098 274 594
0001 339 659
0074 248 568
0078 288 608
0029 226 546
0096 285 605
0051 291 611
0099 278 598
0072 287 607
0063 329 649
0066 265 585
0090 370 690
0083 261 581
0043 289 609
0010 266 586
0024 364 684
0071 296 616
0183 208 528
0158 477 797
0164 293 613
0118 256 576
0180 372 692
0137 236 556
0135 278 598
0151 252 572
0122 288 608
0192 410 730
0194 325 645
0129 302 622
0142 361 681
0175 307 627
0190 351 671
0141 296 616
0101 292 612
0153 228 548
0130 306 626
0140 336 656
0148 251 571
0111 283 603
0172 298 618
0154 317 637
0128 297 617
0149 233 553
0126 339 659
0123 262 582
0181 291 611
0161 249 569
0106 302 622
0157 252 572
0136 270 590
0102 290 610
0131 255 575
0195 298 618
0144 294 614
0189 303 623
0176 282 602
0139 320 640
0121 216 536
0170 214 534
0185 287 607
0168 250 570
0188 285 605
0105 353 673
0156 671 991
0107 288 608
0103 291 611
0112 233 553
0173 308 628
0171 568 888
0200 341 661
0178 289 609
0182 216 536
0120 332 652
0197 413 733
0150 284 604
0119 289 609
0184 337 657
0104 333 653
0125 271 591
0199 308 628
0187 270 590
0145 290 610
0174 339 659
0177 335 655
0147 248 568
0108 287 607
0159 443 763
0110 252 572
0196 231 551
0138 291 611
0143 438 758
0193 237 557
0160 243 563
0198 382 702
0117 254 574
0132 413 733
0124 329 649
0162 217 537
0146 285 605
0179 186 506
0165 245 565
0109 266 586
0155 198 518
0191 262 582
0127 274 594
0113 358 678
0134 300 620
0115 197 517
0116 288 608
0169 253 573
0133 242 562
0186 268 588
0166 322 642
0163 183 503
0152 310 630
0114 261 581
0167 318 638
0238 296 616
0247 275 595
0292 299 619
0257 483 803
0277 154 474
0231 249 569
0244 273 593
0264 218 538
0203 293 613
0290 264 584
0285 289 609
0214 278 598
0216 272 592
0260 259 579
0210 285 605
0284 269 589
0208 305 625
0249 289 609
0227 287 607
0296 276 596
0215 280 600
0253 214 534
0250 283 603
0229 311 631
0206 284 604
0240 374 694
0236 311 631
0272 219 539
0265 235 555
0228 302 622
0279 296 616
0276 235 555
0298 374 694
0204 245 565
0221 187 507
0230 199 519
0269 477 797
0225 306 626
0241 236 556
0291 285 605
0256 292 612
0222 194 514
0275 352 672
0224 492 812
0288 239 559
0242 290 610
0287 273 593
0219 296 616
0251 293 613
0207 450 770
0289 223 543
0239 239 559
0297 274 594
0255 316 636
0263 276 596
0293 292 612
0233 284 604
0205 293 613
0258 230 550
0234 299 619
0252 282 602
0235 345 665
0300 234 554
0201 220 540
0220 291 611
0267 301 621
0262 213 533
0271 240 560
0218 307 627
0273 295 615
0299 216 536
0266 351 671
0223 303 623
0209 302 622
0280 306 626
0226 246 566
0232 358 678
0268 288 608
0254 319 639
0281 346 666
0283 254 574
0274 223 543
0246 250 570
0286 432 752
0213 292 612
0217 301 621
0270 292 612
0245 250 570
0211 391 711
0202 373 693
0278 226 546
0282 212 532
0261 337 657
0248 204 524
0243 257 577
0212 291 611
0259 291 611
0237 262 582
0294 337 657
0295 392 712
